"ID","0","blue","brown","green","invblue","invbrown","invgreen","invred","invturquoise","invyellow","red","singlet","turquoise","yellow","Point"
"001",0.161669744718195,0.298977039045411,0.0213236931379098,0.0175645408463987,0.0190184290148925,0.00733493130050952,0.14461602944451,0.0508205954392445,0.0146436664178029,0.00499037290266808,0.024860177872084,0.181997982893892,0.0341074305473692,0.0180753664191127,"sum_TP1"
"002",0.130667674953524,0.144153511674071,0.00267826196552919,0.0664839146737247,0.00173299303651889,0.0872798311119514,0.00299335160853263,0.0397328039827331,0.00488388946655323,0.000630179286006869,0.0069634811103759,0.146737246746699,0.0824589595739988,0.28260390080978,"sum_TP1"
"003",0.0317323655722185,0.0520148731528614,0.00681571834309784,0.00477477601086673,0.000665450104962749,0.0239527736234787,0.333349340724174,0.015037800310086,0.00798540125955298,0.000946722829740817,0.00606108420344936,0.436106499458036,0.0718446002497153,0.0087125941577597,"sum_TP1"
"004",0.116032537391761,0.137286801364471,0.00388349514563107,0.0169771713461034,0.0125426397271057,0.00459197061138809,0.011912883757544,0.114694305956442,0.055077407504592,0.00346365783258987,0.322592495408029,0.137627919181317,0.0483600104959328,0.0149567042770926,"sum_TP1"
"005",0.0466574651944311,0.0297147543606977,0.00485077612417987,0.0337754040646503,0.00234037445991359,0.0580292846855497,0.0014402304368699,0.0510781725076012,0.0121519443110898,0.000450072011521843,0.0055908945431269,0.651254200672107,0.0862437990078413,0.0164226276204193,"sum_TP1"
"006",0.238972212288858,0.0466248764172574,0.010643892383096,0.0598140474137024,0.00164075811439029,0.00504848650581628,0.00490123898272997,0.0478238919623888,0.0724878520793454,0.0035760112749532,0.109972864385031,0.361408527735123,0.02521087948842,0.0118744609688887,"sum_TP1"
"007",0.220431413838719,0.154162504612007,0.0881545674612816,0.0216786803811992,0.0391908065836955,0.000908902747406028,0.0590786785813918,0.0512945114872709,0.0619223743059493,0.00426554358683621,0.0166662167148115,0.200633532212053,0.0728652034232337,0.00874706406414514,"sum_TP1"
"008",0.0517177393701622,0.0435708479129113,0.116548262821193,0.00412646237585268,0.0032605238044746,0.00526632029123812,0.0168327854946453,0.029327042024529,0.0466899939914466,0.0375269501290072,0.0136164422295267,0.577280599441558,0.0344608206976991,0.0197752094157565,"sum_TP1"
"009",0.08562124167728,0.0730948427348498,0.00791565235615599,0.0119460252462558,0.00295023295555305,0.0511051282464654,0.00915700720630673,0.0131067726386045,0.00364345709265021,0.00274065356526786,0.00569088652082091,0.589853133211885,0.0581340985667994,0.0850408679811056,"sum_TP1"
"010",0.367829400248405,0.178536092457318,0.00804159737279751,0.00948361156137507,0.00306296444435088,0.0117466265288508,0.0111256131191714,0.0109361514009641,0.00567332589520662,0.0030734900953624,0.00197882239016483,0.21349177946656,0.0274824747910658,0.147538050228407,"sum_TP1"
"011",0.0626460248487892,0.323252614800096,0.0165731379784702,0.018560167696574,0.000720571216455226,0.0120968622398847,0.00895255147717099,0.0270105028713671,0.00720571216455226,0.00434526279013909,0.0276218966307837,0.383977116405005,0.0249579666790401,0.0820796122016726,"sum_TP1"
"012",0.0362959127428218,0.0457832935241945,0.0284788454792965,0.0106900065142227,0.0021045950324876,0.0308506906746396,0.00541181579782525,0.0387846798844143,0.00788387980423925,0.00765003591174063,0.0931032754848085,0.566002438657736,0.0973124655497837,0.0296480649417896,"sum_TP1"
"013",0.0509150956378148,0.0636820940935431,0.0324908643334404,0.00840940018041986,0.00206412549883033,0.0126752595446692,0.00596302921884317,0.0220479182912099,0.00683454887390487,0.00567252266715594,0.0088986743727352,0.616424323043285,0.105086922618229,0.0588352216259193,"sum_TP1"
"014",0.0366476022877255,0.100293298137557,0.0276873441853644,0.0020237571491421,0.00099721366769321,0.00742044288018771,0.0208241677665347,0.00643789411937234,0.00284499193430122,0.00302097081683531,0.0147235665053527,0.725766241384367,0.030869628977856,0.0204428801877108,"sum_TP1"
"015",0.237793959106109,0.0367551665539861,0.0272808668481737,0.0255358415407386,0.00996765764613445,0.286732325908601,0.0121283826995816,0.0132704149688454,0.0398614943263837,0.00578325141155189,0.0266641694227712,0.220165548997752,0.0389250278655874,0.0191358927037842,"sum_TP1"
"016",0.0660541491545304,0.134688691232529,0.261525429250969,0.00355129834164142,0.00126413188674942,0.00240445704232235,0.0137034502981136,0.0123741569739028,0.00783892092659564,0.00248265076727593,0.0228065031114586,0.436516469553318,0.0139054507542436,0.02088424070635,"sum_TP1"
"017",0.178855096917569,0.150488262303563,0.0171259252291394,0.0162381755862969,0.00566748778609349,0.00915381585368005,0.0120169554302646,0.0249216605033717,0.00995925758261657,0.00280434820950892,0.0113820086658475,0.480219644547395,0.0495434850346575,0.0316238763499968,"sum_TP1"
"018",0.48945439977298,0.0489012043768205,0.0452204685635115,0.0163254404780783,0.0233530585161877,0.0105581197365895,0.00997387595669919,0.01372138248771,0.0308731105973475,0.0323671054059242,0.0376252994249372,0.0675218882758966,0.0541844374149717,0.119920208992346,"sum_TP1"
"019",0.119382933305911,0.0464276177317939,0.00619322394293078,0.034561971216602,0.00120746305046963,0.194001827780607,0.00232038572473491,0.0210692350688403,0.00686827540109169,0.00226896902890448,0.120663374892398,0.13306309160299,0.023595287576897,0.288376343675829,"sum_TP1"
"020",0.172332190941651,0.0148533296633581,0.0685099341082799,0.00932822669705585,0.00243695307019163,0.0132085541752122,0.00721687203982371,0.0162195003239201,0.169317888108273,0.0149708136267971,0.0373766837969474,0.420522098733523,0.027595304669484,0.0261116500454831,"sum_TP1"
"021",0.0576205633706404,0.0485676147448403,0.0308553239552315,0.00730738953349078,0.00167710579457165,0.0513057466543451,0.0401649724475477,0.0127665400280659,0.00164287914570284,0.00171133244344046,0.0106102611493309,0.40212889755964,0.0697710237190677,0.263870349454085,"sum_TP1"
"022",0.46680001568812,0.0372514413460407,0.00329450523591011,0.0185668902223791,0.0062752480684002,0.0363023100756952,0.00706749813703573,0.0132956818449229,0.00356120327881712,0.00458093108993215,0.00453386672941915,0.275138251559007,0.0342942306938071,0.0890379260305134,"sum_TP1"
"023",0.0287997000331694,0.0270979651288559,0.00387216798142513,0.00780202189181004,0.00215601159487172,0.0194834225061652,0.00479514284478159,0.022403772659754,0.00660503886589464,0.00427596948414358,0.0171471423832942,0.660662522894103,0.115025742345798,0.0798733793859333,"sum_TP1"
"024",0.0690802972960649,0.0670740048333409,0.0122885413341845,0.002690255802289,0.0035794081437235,0.0381423555697415,0.0248278692262095,0.00868633441247549,0.0020290912407095,0.002963841138115,0.0545574757193014,0.647827276457982,0.0495645433404769,0.016688705485386,"sum_TP1"
"025",0.0883482472237462,0.38460810836376,0.00656463421555459,0.00234586352371403,0.00136211430409202,0.00172156113433852,0.0180858510376662,0.0072835278760476,0.00435119847140506,0.00158913335477402,0.00319718496377154,0.405399269755387,0.0494333982860062,0.0257099074897368,"sum_TP1"
"026",0.163329407145662,0.168826069886141,0.0166862976050255,0.000588928150765607,0.000392618767177071,NA,0.0422065174715351,0.00215940321947389,NA,0.00176678445229682,0.0186493914409109,0.269336474283471,0.309776207302709,0.00628190027483314,"sum_TP1"
"027",0.0317672759927813,0.108098539862362,0.00560395817323052,0.00158879553755688,0.000164060408769461,0.00296172211620658,0.00731364032777543,0.00827209850532333,0.00220186338085329,0.000889380110697602,0.00816848140504788,0.589935325659911,0.0295654126119281,0.203469445907556,"sum_TP1"
"028",0.0707845312949492,0.146944478691489,0.00647680105206921,0.0333292236879957,0.00518637241606049,0.0603460321374265,0.0255455554185674,0.0656145974602392,0.00577816134467595,0.00287675173632516,0.0250030822340032,0.241490979328484,0.0591624542801956,0.251460978917519,"sum_TP1"
"029",0.0728000960067205,0.0581140679847589,0.0235816507155501,0.0338423689658276,0.00663046413248927,0.0680147610332723,0.0158111067774744,0.0238666706669467,0.207944556118928,0.0120608442590981,0.0289670276919384,0.363670456931985,0.0449431460202214,0.0397527826947886,"sum_TP1"
"030",0.050575092179847,0.499146992460514,0.0052281107258819,0.00346706290242694,0.00264157173518243,0.0171151835342029,0.00187111331242089,0.0333498431566782,0.0163447251114413,0.00137581861207418,0.0112817126190083,0.237191128721589,0.0241043420835397,0.0963073028451929,"sum_TP1"
"031",0.117395410061237,0.158952383677674,0.260473301665427,0.00285440393750358,0.00250386310307331,0.00592342471241344,0.1523278772964,0.0102873004063412,0.00666027585417501,0.0053654209351571,0.0141647112688147,0.206769015051794,0.0338593830481314,0.0224632289818577,"sum_TP1"
"032",0.0562133223514877,0.102508665362572,0.00159579944404406,0.0130581008270702,0.00274546140910807,0.0606918562750952,0.0010810254298363,0.082844298019836,0.0129551460242287,0.000120113936648478,0.00272830227530114,0.268643398881224,0.0359827035931226,0.358831806170425,"sum_TP1"
"033",0.0694765915235446,0.0908914087876607,0.00956956411802462,0.0117869021453718,0.000680761675062727,0.00260634469881158,0.0247019236379904,0.126388267558789,0.244938050687569,0.000350106004317974,0.00213953669305429,0.394783420535662,0.011631299476786,0.0100558224573551,"sum_TP1"
"034",0.205942035378711,0.283559045392386,0.0218359874718779,0.00957254400282324,0.0240195862190657,0.0153513608893202,0.0140500242622083,0.0125060655520755,0.00652873968856147,0.0382681194582911,0.0130795359301248,0.306696369491376,0.0295778375755437,0.0190127486876351,"sum_TP1"
"035",0.119128603822481,0.254953568729079,0.0133354929273297,0.00974516790843321,0.00770705107439801,0.0634110787172012,0.0120532339920095,0.0254427167692474,0.0621153223194039,0.00670823885109599,0.0134839650145773,0.288832199546485,0.0254832091566785,0.0976001511715797,"sum_TP1"
"036",0.111597693599007,0.061941950709194,0.00490231856555483,0.00924506727002895,0.00436707782886894,0.00833272510522346,0.00901394058827823,0.00678782570615284,0.00211663382234873,0.00180035520521616,0.0135391577257135,0.612205921708878,0.0243656180814052,0.12978371408413,"sum_TP1"
"037",0.19244588929763,0.0125474092451593,0.106645849374055,0.0118915219437078,0.00253086947842701,0.0899207231870419,0.00989534320015969,0.0172241708729004,0.00741437819032138,0.0293509567399549,0.00711495137878917,0.374746913052157,0.0714988450680127,0.0667721789716828,"sum_TP1"
"038",0.0755587115923181,0.024199532445565,0.0403245753313174,0.155792967534488,0.0111064125170546,0.0600799470211357,0.0648991087742255,0.0203378200473937,0.0374522272665619,0.0103803467562414,0.0364628629331461,0.417025045279376,0.0380187181348887,0.00836172436628821,"sum_TP1"
"039",0.131061576565035,0.0445298488342301,0.0610470578187719,0.0160560252796994,0.00698607908446494,0.0179007600990691,0.00966777692373388,0.0116491587667606,0.00859168161243488,0.0236399350926638,0.0393372619352635,0.575915962080451,0.0236057733367495,0.0300111025706721,"sum_TP1"
"040",0.0562040025823112,0.0262621045836023,0.0363363460296966,0.0599774047772757,0.00828276307295029,0.0106262104583602,0.0141736604260813,0.0243576500968367,0.0249257585539057,0.0187120723047127,0.00506778566817302,0.685474499677211,0.018166559070368,0.0114331826985152,"sum_TP1"
"041",0.0446857872969974,0.033556369994284,0.0559496990686258,0.00763256111092431,0.0118691368817457,0.0031606200195017,0.00544702599105612,0.010793181130426,0.0786456406980263,0.0331865102047678,0.00739719579032312,0.675195857570357,0.0131468343364379,0.0193335799065263,"sum_TP1"
"001",0.159262345723358,0.101581919280449,0.0158120087932298,0.0477808589203868,0.0444043736260578,0.00861362950617107,0.0705829106740039,0.0508699837641345,0.0206396643629937,0.0162286814465725,0.0184557249385767,0.408921105188293,0.0242963260966393,0.0125504676791333,"sum_TP2"
"002",0.199992173028255,0.0421417203683895,0.00215893970622766,0.118813431083514,0.012066581439641,0.0906298103263847,0.0010109838503483,0.0371455034047327,0.00645072921286754,0.00416133997756268,0.0118969970518406,0.189575778131441,0.0713493699287746,0.212606642490021,"sum_TP2"
"003",0.0253354466370643,0.018112303541397,0.00334539207027138,0.0156138461724601,0.00151238339524023,0.0257589139877315,0.211667130464241,0.0164789294745375,0.00941912378555613,0.00142164039152581,0.00449480345065395,0.595068420224801,0.065304715006473,0.00646695139804721,"sum_TP2"
"004",0.146838749327802,0.0723054467235154,0.00318045632634248,0.0508412076515326,0.0294384266728125,0.00496274103095951,0.00791272950756703,0.106599062764078,0.0569101943612199,0.00931090112929246,0.335438273027579,0.119612814012445,0.0438657140662211,0.0127832833986326,"sum_TP2"
"005",0.0589332243396516,0.00763807285546416,0.000817452613293823,0.107622745618965,0.00653962090635059,0.0660092985234762,0.000510907883308639,0.05351760077658,0.0168344147550197,0.000970724978286415,0.00490471567976294,0.564246666326061,0.0998314003985082,0.0116231543452715,"sum_TP2"
"006",0.213795594077284,0.0238743619025309,0.00732042985564112,0.107522473719657,0.0039335109757645,0.00665671088206299,0.00270367876001679,0.0454159468243975,0.0889090607400466,0.00704713380769719,0.123354123354123,0.340956340956341,0.020370316144964,0.00814031799947293,"sum_TP2"
"007",0.184766030812758,0.106054242832829,0.0722906213390509,0.0446939722817798,0.0539444309365399,0.0012709710218607,0.0495568179306381,0.0506951658893482,0.0623880992904666,0.00601224552949758,0.0156163656859928,0.283072876373201,0.0620454897106607,0.00759267036537654,"sum_TP2"
"008",0.0493236917070061,0.0292037689993825,0.09587840395227,0.0139544612442479,0.0060359768122871,0.00757983226757505,0.0098408334827387,0.030478694794717,0.0473017390784677,0.0468136815474412,0.0127392975955696,0.609882666985398,0.0269128867108907,0.0140540648220084,"sum_TP2"
"009",0.0773836348419494,0.03199639477242,0.00315457413249211,0.0349578317131269,0.010043133972832,0.0642503058005537,0.00267173115302903,0.0131655185733599,0.00447434494302453,0.00479624026266658,0.0049249983905234,0.639799137320543,0.0434880576836413,0.0648940964398378,"sum_TP2"
"010",0.316703674521882,0.120490413771697,0.00522885180144689,0.0213451758470024,0.00693598834849462,0.0137764725544971,0.00531241792612755,0.0106964639591242,0.00651815772509133,0.00583769070983454,0.00199364897452427,0.328940142778693,0.023004560322804,0.13321634075878,"sum_TP2"
"011",0.04440172993753,0.163133109082172,0.00555502162421913,0.0530514175876982,0.00426717924074964,0.0164344065353196,0.002537241710716,0.0270062469966362,0.00809226333493513,0.00951465641518501,0.0200672753483902,0.558519942335416,0.0191638635271504,0.0682556463238828,"sum_TP2"
"012",0.0311445739520741,0.0171577499457033,0.0201983638601318,0.0234561644827337,0.00443060884673858,0.0375588214001303,0.00237457467602983,0.0405559979729241,0.00832549047998262,0.0121914138854702,0.0842250054296677,0.607876637949757,0.0926663288206762,0.0178382682979802,"sum_TP2"
"013",0.039896317354898,0.0224327197582331,0.0202109487917627,0.0238900103921545,0.00467049703166621,0.0171052474407826,0.00229344099764683,0.0222415996750959,0.00868401877754817,0.0104757695569598,0.00881541383470502,0.699487559277088,0.0832089061958742,0.0365875509155846,"sum_TP2"
"014",0.0330876146530865,0.041634623200095,0.0122734292448996,0.0128924152333077,0.003895235058366,0.00825939889582904,0.00910972308192498,0.00605230744221234,0.00320747284902369,0.00872207529120477,0.0150744971520392,0.811209273535535,0.0213831523268246,0.0131987820356511,"sum_TP2"
"015",0.186036967935456,0.0147651744955937,0.0184755063101025,0.0450358975660731,0.0162374612361286,0.344963552441754,0.00511492721065123,0.0137709578748302,0.0438470683301815,0.00975601501055562,0.0232181311265955,0.234685891008474,0.030291876615602,0.0138005728380019,"sum_TP2"
"016",0.0486702491923204,0.0575506964977723,0.208196034514707,0.00876563998034176,0.00342004979012415,0.00318036432191168,0.00806068272089332,0.0122501430056155,0.00939808735024694,0.0049689415973123,0.0207176867733905,0.591289950934975,0.00974452348917589,0.0137869498312131,"sum_TP2"
"017",0.133003452530817,0.0997868654260822,0.0114606573518964,0.0298700003739203,0.0120900898655133,0.0111864491281425,0.00642519724296095,0.0254764367887724,0.0132056187757849,0.00628186112599868,0.0109496329349005,0.576884246737545,0.0406576011766026,0.0227218905410627,"sum_TP2"
"018",0.397366516973528,0.0251089809903666,0.0385813635031782,0.03821659859715,0.0429525626229587,0.0129043060198169,0.00536981779693956,0.0137115726151252,0.0371462228892968,0.0529686481573392,0.0386411610287566,0.151215982682637,0.0487589023566205,0.0970573637662873,"sum_TP2"
"019",0.11230871972368,0.0277444665455494,0.00340612336246371,0.0746283304250832,0.00278856902127211,0.217532319874,0.000593618126416725,0.0212984439066775,0.00909336799297233,0.00394947543785321,0.109436373950696,0.153191774559155,0.0181173209630975,0.245911096111083,"sum_TP2"
"020",0.141005622555969,0.00634506468336312,0.0592765325060437,0.0231750662585006,0.00435902177113937,0.0179634157198721,0.00366048253994343,0.016521822502551,0.157804806223848,0.0235037906025928,0.0386319588546696,0.466617358015053,0.021380779213664,0.0197542785527911,"sum_TP2"
"021",0.0407085051152848,0.0111543747136967,0.01978928080623,0.0247671400213773,0.007253015727592,0.062520995571843,0.0206825469537334,0.0122385096961368,0.00193922736295618,0.00515345854328905,0.00909299129638113,0.526378072988242,0.0496488013437166,0.208673079859521,"sum_TP2"
"022",0.360955131946113,0.0167869000387428,0.0019714676644974,0.0524891005301384,0.0173067397711724,0.0382915908567057,0.00348684952601406,0.0140552893692775,0.00412438882050326,0.00806732414949806,0.00385956480586928,0.37581960580455,0.0285078147605059,0.0742782319564119,"sum_TP2"
"023",0.0320516308783997,0.00842375629877126,0.00101215676458104,0.0310068238956064,0.00444042967687167,0.0226048344089766,0.00297116985731855,0.0231925383367979,0.00769456809203008,0.00571378818715105,0.0143987462316206,0.691433671081702,0.0975262018001154,0.057529684490058,"sum_TP2"
"024",0.0784884919271728,0.0187289591205771,0.00872552387495706,0.0169151494331845,0.0150738577808313,0.0469254551700447,0.0123531432497424,0.00937135005152868,0.00276193747852971,0.0093163861216077,0.0535211267605634,0.672731020267949,0.0446719340432841,0.0104156647200275,"sum_TP2"
"025",0.0768757205374592,0.168366917275766,0.00549423424836146,0.040466254889491,0.0137733367018913,0.00211115660600358,0.0108635995365329,0.00690554389143951,0.00489021695255851,0.0106196694747663,0.00466661439593915,0.606180723136476,0.0333051652190579,0.0154808471342574,"sum_TP2"
"026",0.0945196532478328,0.049526976210268,0.013434667300004,0.0058801409175474,0.014768633970629,NA,0.0210960693504334,0.00241459842457349,NA,0.010076000475003,0.0245893203499189,0.517212920080751,0.242116929897479,0.0043640897755611,"sum_TP2"
"027",0.0191536730364359,0.0405175403925112,0.0028434069258133,0.00591267312516637,0.000919569899411959,0.00366617999370821,0.00228279194327706,0.0078728089633866,0.0025328504246961,0.00302490098490776,0.00672737979043486,0.7529462535593,0.0217994530979019,0.129800517863049,"sum_TP2"
"028",0.0858809742714739,0.0741012688587845,0.00513350262671231,0.0729125684554679,0.0138120675181829,0.0705541026995071,0.0180030254003185,0.0585724234129798,0.00806843548091873,0.00779492919342996,0.0242179298098711,0.337534109389892,0.0506070787634991,0.172807584118963,"sum_TP2"
"029",0.0729630476600439,0.0227605967258101,0.0145683961312366,0.0693982969908124,0.0168955729832255,0.0831057722057063,0.00651071442984167,0.0245496980050848,0.21902366187331,0.0198280848545178,0.0261773766125452,0.358008582305385,0.0356878623602685,0.0305223368622123,"sum_TP2"
"030",0.0707638135773955,0.240102368171485,0.00450129548373045,0.0135991759725203,0.0157318462117878,0.0190533666695405,0.000553586742958785,0.0313956284797691,0.0194209119660951,0.00941097463029934,0.0124738521015877,0.470208411795935,0.0199245851502625,0.0728601830466329,"sum_TP2"
"031",0.0810165341965039,0.0642491719186114,0.135801918817164,0.0280827601341389,0.00730700388838217,0.00773561744354302,0.0683432885975079,0.0100912775427071,0.00770990063023337,0.012428078645444,0.0124829411805046,0.524288672943855,0.0263991660894671,0.0140636679719378,"sum_TP2"
"032",0.0715451643586065,0.0368235019103968,0.00147108610488642,0.0266649470409002,0.00545914007964017,0.0624143545760854,0.00057432813683922,0.0842166567250802,0.0172358896645118,0.00268624353125151,0.00410090441567654,0.367769511035161,0.0306308339647584,0.288407438456206,"sum_TP2"
"033",0.0249780893952673,0.0372480280455741,0.00686532281624306,0.0673385918784692,0.00131463628396144,0.00365176745544844,0.00438212094653812,0.114227286006427,0.235904177621969,0.000438212094653812,0.000730353491089687,0.493134677183757,0.00292141396435875,0.00686532281624306,"sum_TP2"
"034",0.183205964585275,0.107101584342964,0.0120037278657968,0.0401677539608574,0.0847716682199441,0.0227586206896552,0.0059645852749301,0.0119850885368127,0.0084995340167754,0.0675302889095993,0.01381174277726,0.404920782851817,0.0250326188257223,0.0122460391425909,"sum_TP2"
"035",0.0922580424834369,0.132026500922068,0.00749607267263165,0.0398538351205519,0.0203196502971109,0.0717164128133324,0.00358582064066662,0.0255105525578854,0.0633665733214944,0.0135236664162284,0.0124649955604125,0.428317737859436,0.0150092206816474,0.0745509186530975,"sum_TP2"
"036",0.0951659577773893,0.0238497543164559,0.00250538950067005,0.0313270795703937,0.0118666122861194,0.01058478509973,0.00435044378410923,0.0071471576453223,0.00269960574103207,0.00390374643127658,0.00955543902581134,0.687331274641185,0.0146827477713686,0.0950300064091359,"sum_TP2"
"037",0.233598691041817,0.00369193333543102,0.0919836799765059,0.0284446681979799,0.0059784147761241,0.0970495998657479,0.00344021060801527,0.0184072244422768,0.00990109394501956,0.0409888507808649,0.00552741155617088,0.35005191781253,0.0568578710550329,0.054078432606484,"sum_TP2"
"038",0.0541303006259367,0.0033500837520938,0.0215992241911311,0.306664903464692,0.0182050603896676,0.0707925592876664,0.0175438596491228,0.0222163448823063,0.0456669311469629,0.014326016045138,0.0293573128801904,0.3682447324341,0.0212025037468042,0.0067001675041876,"sum_TP2"
"039",0.164674665977881,0.012374668326015,0.0455772888440134,0.0697630732383122,0.0204757320309014,0.023363937351774,0.00382745908375795,0.0119050414445723,0.0106605302087491,0.042008124545049,0.0351515720759856,0.526944842322775,0.0139713997229201,0.0193016648272947,"sum_TP2"
"040",0.064167086059386,0.00598892803220936,0.0180171112229492,0.162003019627579,0.0154504277805737,0.014443885254152,0.00176144942123805,0.0267237040764972,0.0374937091092099,0.0273779567186714,0.00342224458983392,0.610870659285355,0.00291897332662305,0.00936084549572219,"sum_TP2"
"041",0.0592092540829422,0.00745389659476469,0.0429653850886908,0.046797813054867,0.0264753968672538,0.00443014608934128,0.00159977497670657,0.0122180616352865,0.0933319269377494,0.0625318636499481,0.00861417295149693,0.610586642757942,0.0109698855545594,0.0128157797584516,"sum_TP2"
"001",0.151512412629549,0.173947537559251,0.0502731581907287,0.0179661765887362,0.0338434964248413,0.00423796898851129,0.133305214107817,0.0350586486703623,0.0245842371655821,0.0309914035510565,0.0696955089579818,0.244747730376798,0.0222041455772475,0.00763236121153692,"sum_TP3"
"002",0.123629537602133,0.0406083084707952,0.192830520617014,0.0434829922102419,0.00857870920352217,0.0396198525477678,0.00256635803868581,0.0174838809137323,0.0073272695945517,0.0148359072483745,0.0253461862831337,0.317702429425154,0.0510369718788824,0.114951075966012,"sum_TP3"
"003",0.0288063922934033,0.0210680581355189,0.026454088062056,0.00263234044936478,0.00127883206228005,0.0133483930588356,0.320865498604486,0.00567540068515528,0.0112761250455059,0.00336976915681095,0.010127976551634,0.500686088734143,0.0503505119995519,0.00406052516125419,"sum_TP3"
"004",0.124575865336608,0.0798799686165823,0.0142906634332236,0.0193649952619191,0.0279546774538674,0.00315362590558482,0.0116465085947769,0.0878684749493076,0.060953118472402,0.0194821736073608,0.366676516440631,0.130852548883749,0.0429484109597416,0.0103524520842461,"sum_TP3"
"005",0.0464025693821857,0.0118518664472971,0.142714993645508,0.0357821936297449,0.00469936849157168,0.0390924406175187,0.00172408697279883,0.0259795276986887,0.0172113139513118,0.0332995083889146,0.0246101100460085,0.539245145463681,0.0704708235224575,0.00691605174231304,"sum_TP3"
"006",0.238180571571041,0.0232337083554087,0.0756692741608751,0.0573129304702839,0.00324118802007043,0.00250880418861221,0.00529809580203821,0.0191822233303207,0.103593355564559,0.0161591921962165,0.184529560258048,0.254744912269767,0.0128712562720105,0.00347492754074859,"sum_TP3"
"007",0.215128541298524,0.111839480134527,0.141860951186608,0.0221360846681487,0.0497254365463908,0.000266013034638697,0.0574778164130042,0.0260502764635467,0.0836801003249159,0.0148587280776758,0.0269813220847822,0.187539189420282,0.0571357996541831,0.00532026069277395,"sum_TP3"
"008",0.0495137360687158,0.028714417548094,0.235358841485057,0.00145524242209129,0.00564350110030525,0.00124228011641939,0.018350252005395,0.0130971817988216,0.0611556754454462,0.0785475970753177,0.0230709164477887,0.461382835238163,0.0174274153474835,0.00504010790090154,"sum_TP3"
"009",0.0639997709180459,0.0385144035278621,0.104260924345685,0.00884829047591776,0.00755970448427925,0.0285493385258576,0.010623675619953,0.00638565946967528,0.0052116144550713,0.0166657121585247,0.0164652654487143,0.617318595727622,0.0329591661416872,0.0426378787011053,"sum_TP3"
"010",0.296059385611624,0.134881149806523,0.0342335939350865,0.00785753770828398,0.00552791597567717,0.00726526099660428,0.0104372318302667,0.00534365210982126,0.00719945247308431,0.0119113427571139,0.00496196267340546,0.346087025191503,0.0219668851509648,0.106267603780042,"sum_TP3"
"011",0.0568366152645736,0.202706309932034,0.0861378616455514,0.0147224902979405,0.00316215272787006,0.00408615839510482,0.00907578899817252,0.0124638097780333,0.0101435288803105,0.0326482002422948,0.0416623888626517,0.483994168497567,0.0132440812303649,0.0291164452475309,"sum_TP3"
"012",0.0251068665115524,0.0127698717601861,0.105026784264921,0.00703425139332287,0.00443698934040366,0.0170445322222823,0.00557329148855581,0.0179643958660246,0.0117958984903414,0.0246739895027325,0.104215139873383,0.575239435095503,0.0857637573724365,0.00335479681835399,"sum_TP3"
"013",0.0369869027584693,0.0236701543864784,0.121387283236994,0.00406087656398624,0.00373161630204141,0.00332918709299773,0.00665837418599546,0.00709738786858857,0.0111948489061242,0.0227555425477427,0.0185849125631082,0.662215555718153,0.0670593400160972,0.0112680178532231,"sum_TP3"
"014",0.0302548494071685,0.0604945562470661,0.158603249594936,0.00201396144702373,0.00328593709777556,0.00298308575235845,0.0237132603461591,0.002089674283378,0.00404306546131831,0.0266812035312467,0.0286648798437287,0.634942988234225,0.0167931071033783,0.00543618165023698,"sum_TP3"
"015",0.152559162748213,0.0211821614424196,0.195341596927847,0.0212078913682531,0.0140999993567519,0.213108110715871,0.0136947530248744,0.00600793768211963,0.0521802895903153,0.019857070261995,0.0381446150481471,0.220692006355292,0.0244498620232727,0.00747454345462849,"sum_TP3"
"016",0.0571128080845032,0.0741689149023732,0.402064566281037,0.00246924870821711,0.0028636425991129,0.000925968265581417,0.015198454433216,0.0047898852256619,0.0114717179569253,0.0118203850198912,0.0332719831725273,0.369369884311125,0.00724198637340528,0.00723055466642279,"sum_TP3"
"017",0.135785028105761,0.101448413288523,0.0819677006810814,0.01342830800345,0.0101269964012729,0.00520477054397288,0.0126401570353627,0.0107813104125152,0.0164916872379026,0.0495791571245873,0.0317491003182345,0.484118014454391,0.0320762573238557,0.0146030990690896,"sum_TP3"
"018",0.385458690588294,0.0295683203647718,0.101362937998711,0.0170094662239183,0.0382118253456906,0.00510482232244635,0.0103186796847896,0.00674034792090003,0.0434950686425138,0.0890122416612975,0.0488377855974625,0.102909253109977,0.0408881399613421,0.0810824205778857,"sum_TP3"
"019",0.111708677841723,0.0260611696112186,0.166708552185168,0.0243522404563846,0.00233721193234651,0.141790857229022,0.00257595938780126,0.00905355482395517,0.0106493930788369,0.0113907667563017,0.13092784800583,0.163774471614184,0.0121761202281923,0.186493176849036,"sum_TP3"
"020",0.149144647016304,0.00714802023933821,0.184161914705646,0.00568227451610312,0.00407597783310578,0.00451770942093005,0.00791101116376195,0.00995903943458357,0.230563810135732,0.048470002409445,0.0565617219500442,0.272367681310738,0.0108425026102321,0.00859368725403582,"sum_TP3"
"021",0.0361158378524515,0.0137561425549848,0.424579761772236,0.00380083013946979,0.00605906394618406,0.0201173645457292,0.0433994370318538,0.00295796822569616,0.00243316741145974,0.0171752993750099,0.0227095625069576,0.312733576119973,0.0270829026255944,0.0670790858923999,"sum_TP3"
"022",0.332391149551052,0.0205239757550496,0.198301464075444,0.0191693152017228,0.0134163497108321,0.0264549575366019,0.00736813768908804,0.0069209260320603,0.00476302124038278,0.0175063825352993,0.0114364612098161,0.256738567880651,0.0259599854113479,0.0590493061706525,"sum_TP3"
"023",0.0260764018566932,0.00979032172010884,0.0683321773462092,0.00505522061569653,0.00358800618897722,0.00956357039961586,0.00476177773035267,0.00964360027743691,0.00915008269754041,0.0605692791975671,0.0487915488449021,0.633209731633143,0.0828309235447901,0.0286373579469669,"sum_TP3"
"024",0.0581536829625932,0.0262221944903753,0.342557638910554,0.00280784949926684,0.0119645586996537,0.0250990546906686,0.0248338689046267,0.002371072910492,0.00322902692415687,0.0399338595451284,0.0890088291267588,0.337519108975759,0.0329142357969613,0.00338501856300502,"sum_TP3"
"025",0.079650160545027,0.209176676635329,0.227621455204358,0.00784825603489583,0.0109324829679075,0.00067742841564364,0.0182960747704729,0.00342018736678618,0.00545798016181176,0.0372971156970628,0.0153770742803012,0.34493773716879,0.0308257466858329,0.00848162406578215,"sum_TP3"
"026",0.131518150710158,0.0681497056913073,0.159489195288382,0.00171428954082487,0.0120201161163306,NA,0.0439353659271561,0.00200223661213529,NA,0.0279107765865549,0.0403058935399409,0.248826448273322,0.261174690122076,0.00295313159181159,"sum_TP3"
"027",0.0186444328215857,0.0446933103610949,0.286260755417449,0.00089222533304618,0.000861458942251484,0.000830692551456789,0.00765057584428104,0.00243054487278097,0.00364068957737235,0.0690910582612887,0.0258027464131516,0.432544688182629,0.01821370335046,0.0884431180711524,"sum_TP3"
"028",0.0570566472586123,0.0594220038816109,0.387493934983018,0.0307951237263464,0.0114477195536147,0.0351012857836002,0.0272774138767589,0.026018922852984,0.00990114022319263,0.0381034691897137,0.038391557496361,0.154612445414847,0.030097646773411,0.0942806889859292,"sum_TP3"
"029",0.0682348731777344,0.0308623390450259,0.0514706844867985,0.0305307205284952,0.0129243953416325,0.0357929827776542,0.0160398640364082,0.0147439337810183,0.21153770633435,0.0407585337225487,0.049101357454217,0.387963120530241,0.0294660505543702,0.0205734382295062,"sum_TP3"
"030",0.0637210012210012,0.263755341880342,0.164625305250305,0.00413995726495726,0.0127442002442002,0.00856608669108669,0.00188873626373626,0.0254502442002442,0.0215964590964591,0.0540865384615385,0.0319749694749695,0.283959096459096,0.0159493284493284,0.047542735042735,"sum_TP3"
"031",0.108829379173178,0.0918809489984373,0.362679357863333,0.00370791305583179,0.00612302883932377,0.00219491405029123,0.156350333854241,0.00505043330018469,0.0101647961358147,0.0307358999857934,0.0219065208126154,0.17184259127717,0.0223327177155846,0.00620116493820145,"sum_TP3"
"032",0.0536154025406382,0.0261747460306464,0.260701982000139,0.0117206935425969,0.00461018144716871,0.0268171483634486,0.0011210550513607,0.0483376265123222,0.0182076974914819,0.0126402106071962,0.00833233614016967,0.340529918943941,0.0183021684227763,0.168888832906115,"sum_TP3"
"033",0.0370991512933882,0.043934542867307,0.136199623926412,0.0116379529399807,0.0011434669919195,0.00101641510392844,0.0239619860751131,0.0954667886364791,0.290694719723535,0.00980840575290949,0.00848706611780251,0.334934187122021,0.00243939624942827,0.00317629719977639,"sum_TP3"
"034",0.20973904855037,0.185998080440412,0.0901830825229532,0.00965212509733616,0.0716213034896145,0.00519729812933485,0.0138534253273211,0.00414697307183861,0.0101229604679379,0.110809293565854,0.0303326632983829,0.235870411618768,0.0166060013400699,0.0058673330798066,"sum_TP3"
"035",0.110447547054762,0.150440732072562,0.128166500775653,0.0078013612030237,0.017387171692716,0.0417776343044683,0.0121145275692931,0.019628942153355,0.0723105479783714,0.0355096440965217,0.0325325729247931,0.315650247939813,0.012822927034855,0.0434096431998135,"sum_TP3"
"036",0.092189257127737,0.0280230865912549,0.113746113646888,0.00867400939339816,0.00921975259641463,0.00402692333134881,0.00959185023483495,0.00219124164847523,0.00338195409142026,0.0109810147516042,0.0357544486339882,0.611100085995898,0.013891645167692,0.0572286167890454,"sum_TP3"
"037",0.223640492410661,0.00454165172702283,0.220485239631887,0.00905940002390343,0.00490020317915621,0.0609059400023903,0.0101111509501613,0.0129556591370862,0.0116170670491215,0.0580853352456077,0.0128600454165173,0.291311103143301,0.0468507230787618,0.0326759890044221,"sum_TP3"
"038",0.0620670064860259,0.00872693988984803,0.293291460855019,0.133145012388152,0.0171540391686525,0.050120725298657,0.0732715766881815,0.0142029763125917,0.0462859216942573,0.0305679612416558,0.0554862941278583,0.188994271466221,0.0228036675241056,0.00388214685877507,"sum_TP3"
"039",0.162795608108108,0.0149387668918919,0.230099239864865,0.00950168918918919,0.0175253378378378,0.00475084459459459,0.0116659628378378,0.00517314189189189,0.0138830236486486,0.0850929054054054,0.062816722972973,0.367557010135135,0.00855152027027027,0.00564822635135135,"sum_TP3"
"040",0.0560149287345967,0.00968437308966893,0.218557961455552,0.0555001447829864,0.0135130787297706,0.00318522570058878,0.017277436375921,0.0192400501914353,0.0380940124191628,0.0456227277114636,0.00962002509571764,0.505131752517615,0.00292783372478363,0.00563044947073775,"sum_TP3"
"041",0.0579689851927049,0.0100465572163685,0.135295970875486,0.0085063184793643,0.0256589771414569,0.000595092239297091,0.00605593867049393,0.00703609059404208,0.117408198270732,0.115797948682046,0.019568033045122,0.481604648720552,0.00920642699618441,0.0052508138761508,"sum_TP3"
"001",0.174879618379011,0.154200981053958,0.0195085729715134,0.0164484046622564,0.0429548625174385,0.00765042077314252,0.130844696458305,0.0232662796453805,0.00657036136987534,0.0179784888168849,0.0924575851671842,0.241663291481031,0.0589532424283336,0.0126231942756852,"sum_TP4"
"002",0.226871468926554,0.0293299788135593,0.00975459039548023,0.0587040960451977,0.0147201624293785,0.086378884180791,0.00297934322033898,0.00825388418079096,0.00192002118644068,0.0056055790960452,0.0606682556497175,0.112575035310734,0.173486052259887,0.208752648305085,"sum_TP4"
"003",0.0229220443985545,0.0144553433144037,0.003902942694889,0.00231285493030459,0.00146618482188952,0.0276097057305111,0.344697986577181,0.00189984512132163,0.00268456375838926,0.00165203923593185,0.0164584408879711,0.426639132679401,0.127640681466185,0.0056582343830666,"sum_TP4"
"004",0.123674034129209,0.0597793308972221,0.00381972777048521,0.0191459419827107,0.0339518217618051,0.00470666146332234,0.0115419637894538,0.0607726966331997,0.0400066224382399,0.0101938245763413,0.473870933409018,0.083182554605551,0.0631496789300032,0.0122042076134388,"sum_TP4"
"005",0.0659194118071073,0.00446911266488863,0.0171195848050169,0.0280040366178909,0.00637929791681684,0.0642254739421899,0.00172997909608592,0.0105240395011894,0.00389245296619332,0.0178404094283861,0.0435738484826642,0.531031500036041,0.193721617530455,0.0115692352050746,"sum_TP4"
"006",0.201202563957116,0.0174712122071587,0.0121958137160361,0.0656872199217199,0.00408417947699813,0.0058142832832265,0.00513358670372681,0.00969992625787055,0.0597878495660559,0.00720403879970503,0.201514549889387,0.325089341426059,0.0769187134834647,0.00819672131147541,"sum_TP4"
"007",0.177050649932766,0.115493799492007,0.0787389810249514,0.0213656058568654,0.0572239653369192,0.00119527864933513,0.0549828178694158,0.00866577020767966,0.0195726878828627,0.00761990138951143,0.043777080531899,0.271627073061407,0.136112356193037,0.00657403257134319,"sum_TP4"
"008",0.0470289442571266,0.0237334150720322,0.109164951613609,0.00240837237815825,0.00597714235670184,0.00702806848535272,0.0156106318693349,0.0114945045321189,0.0281560625301047,0.0518894776021369,0.0309147436178132,0.578600516705347,0.0743968121907431,0.0135963567894207,"sum_TP4"
"009",0.102313896120446,0.0362103806732327,0.0156929854903603,0.0130714194687688,0.00933932895191975,0.058894208887837,0.00961240874583553,0.00431466074386936,0.00103770321687997,0.00953958746745799,0.0225199803382548,0.5421544175208,0.110906806968996,0.0643922154053414,"sum_TP4"
"010",0.342609657206045,0.116803866158824,0.0075459720686407,0.0095425318425687,0.00621493221935537,0.0134025474054962,0.0102285293033542,0.003511897448499,0.00281566121964205,0.00573371011999836,0.00744358438792644,0.309507720031126,0.0354875701355613,0.129151820452963,"sum_TP4"
"011",0.0392025246706407,0.146010118719631,0.0122827230376196,0.0193558082452537,0.00410759905825778,0.0124931122576767,0.00903671792816711,0.00952762610830036,0.00336622752091369,0.0156289134899564,0.0596202975504684,0.511325953013074,0.0995341381555878,0.0585082402444522,"sum_TP4"
"012",0.0253327378293881,0.0143456900401965,0.0231353282715498,0.00873604287628406,0.00484144707458687,0.034497543546226,0.00539526574363555,0.0125055828494864,0.0041268423403305,0.0122733363108531,0.111924966502903,0.602858418937025,0.126288521661456,0.0137382760160786,"sum_TP4"
"013",0.0445097242075722,0.0162747695172649,0.0269628735918587,0.0070423458749164,0.00458998334491758,0.0144912331318112,0.00646531939726962,0.00456375486866091,0.0023736771012288,0.0116585576960906,0.0272776153069387,0.646453254298192,0.155639778107091,0.031697113556188,"sum_TP4"
"014",0.0407953924412494,0.0496573758775802,0.0266700298482364,0.00352293269432884,0.0043048724092992,0.00866860049606928,0.02046495985202,0.0012107453651154,0.00111825787194686,0.012780089965107,0.039155841425989,0.73466179005339,0.0445285239836886,0.0124605877159793,"sum_TP4"
"015",0.136618164553427,0.014166620119533,0.0266924537786963,0.02458386862537,0.015981958331006,0.281014355136011,0.012456012958722,0.00403563648550522,0.0261897447355192,0.0110665810199408,0.0535594593084958,0.298183265374518,0.082507121711445,0.0129447578618109,"sum_TP4"
"016",0.0518491503199868,0.0499735153393944,0.24048071829873,0.0027353010133639,0.00354286607445229,0.0026484660605587,0.0140064778874793,0.00212745634372748,0.00376863695174582,0.00574847387570445,0.0404911384930662,0.539149538472226,0.0312518995145926,0.0122263613549726,"sum_TP4"
"017",0.15997089103401,0.105412983454977,0.0215534770231802,0.0140621990111513,0.0123070995911903,0.010273752702211,0.0121144667280238,0.00631407718156718,0.00342458423407033,0.0242503371075105,0.0444553840885255,0.474026668949723,0.0892318229489951,0.0226022559448642,"sum_TP4"
"018",0.465855563112421,0.0261467543263054,0.0416971040412437,0.0175067382049926,0.0463319814940763,0.0114696423923357,0.0095888225564036,0.00471044610695483,0.0212767743939814,0.052234733032738,0.0596236681024711,0.0654172649185118,0.0751488282660353,0.102991679051529,"sum_TP4"
